31880
31910
65790
226820
252690
255870
298240
332330
333600
377710
377720
383670
385800
420110
443020
461850
464350
472680
486880
496950
502120
504100
507400
516940
524610
528180
548090
548890
548900
563250
572710
572740
573330
576380
576400
579150
585830
587070
592200
594550
601530
602520
606510
606520
610260
611390
615730
623160
623170
625960
634180
636170
658530
664430
669950
676830
678090
678920
679780
716870
720290
732730
744520
749340
750990
754120
761670
763000
773850
785940
812930
817130
842180
844380
850820
852220
869760
871280
894570
909660
913670
918450
929170
929180
941790
963870
972200
976390
983280
1002980
1003000
1005580
1035030
1039970
1041050
1073600
1079320
1092710
1092720
1093670
1100800
1111650
1121460
1125710
1131550
1133340
1133830
1134180
1137320
1142830
1148510
1153460
1158320
1158680
1161180
1180460
1191660
1195530
1196680
1198000
1202570
1203360
1209860
1210360
1212620
1213470
1216600
1217630
1220330
1222860
1225060
1225200
1227150
1241670
1245230
1259140
1259180
1259230
1260630
1265870
1277440
1286690
1288540
1289020
1289890
1290620
1292550
1292770
1292910
1293510
1301430
1304660
1307670
1308650
1320000
1341330
1350050
1351980
1361600
1364510
1372640
1375030
1376170
1381590
1388350
1390480
1398180
1403960
1412380
1419100
1426800
1431610
1433330
1433340
1444800
1444950
1454680
1474860
