31880
31910
65790
252690
332330
377710
385800
420110
443020
461850
464350
472680
486880
496950
516940
524610
548890
548900
572710
573330
579150
585830
601530
602520
606510
606520
610260
611390
623170
625960
636170
658530
676830
678090
678920
679780
716870
732730
744520
749340
761670
763000
812930
817130
852220
871280
894570
929180
972200
976390
983280
1005580
1035030
1039970
1041050
1092720
1093670
1111650
1121460
1131550
1133340
1133830
1134180
1153460
1158680
1180460
1191660
1209860
1210360
1212620
1213470
1216600
1217630
1225200
1227150
1241670
1245230
1259180
1259230
1260630
1265870
1277440
1286690
1289020
1289890
1290620
1293510
1301430
1304660
1307670
1320000
1341330
1351980
1388350
1412380
1431610
1433330
1444950
