2360
6870
6880
6910
6920
6980
7000
7010
8000
8080
8100
8140
8170
9350
9420
10460
23300
23380
28000
31880
31910
32740
34600
35000
35070
35130
39110
39160
39190
39200
40100
40990
57000
200010
209370
211400
211600
211740
211780
212740
224300
224920
224940
224960
224980
225000
225020
225300
225320
242940
242960
242980
243000
243020
243040
245010
250070
252690
252950
258180
259130
259810
269250
279480
288040
289690
298240
299660
305050
305780
316720
318230
322210
329830
332330
334710
337110
340140
340220
340580
342080
344040
347460
353560
354780
360400
362490
363420
368160
371120
377720
383740
385380
385800
395270
399140
399600
415920
420110
423950
427820
427830
440420
458180
464350
464610
465000
465020
465240
472680
476460
486410
486880
493490
495720
496950
499520
502120
504100
507400
508900
511440
515650
519860
521450
524610
528180
530700
533300
536370
538330
539130
539320
542110
543960
548090
548890
555450
557520
558660
560840
561660
562220
566160
572710
573330
575640
576380
578850
579150
585880
588930
589450
592200
594550
594650
601530
602520
603100
603700
606510
610260
610360
611260
611390
617670
617850
619210
623170
625960
645090
652940
655100
655380
658530
658560
659960
660040
660890
661820
663760
664210
667030
672660
674500
675690
678090
679780
682590
683300
691090
694060
694770
696960
697950
698500
698670
699510
700310
703280
708550
711660
714820
715220
716870
720290
722180
725330
732730
739270
744810
750990
751980
752480
753650
754120
761670
764540
765370
768800
772500
773750
774201
774321
777460
780030
785940
786510
787920
789660
793370
795310
800490
803310
815970
817130
818420
823350
826630
833330
839330
848410
850630
852220
855390
855590
855830
857370
857590
858770
860510
861520
868450
868730
870180
870400
871160
871280
872720
874010
875210
877870
879140
880790
887570
887830
889500
894570
898010
898940
905540
907980
909380
909660
916210
916790
918450
918700
922610
923000
925810
929170
932530
935580
941120
941790
942390
950880
951010
951530
952700
963870
966470
969540
970190
971160
972200
974310
975470
977880
983280
983870
985900
987190
992050
996980
997070
997310
1001270
1002610
1002980
1005400
1008450
1011850
1017820
1024850
1026760
1030760
1033700
1035030
1035730
1036540
1039970
1041050
1042620
1042930
1044870
1045520
1047810
1048840
1049010
1051410
1055020
1056720
1058410
1062850
1063310
1063700
1064160
1066490
1069250
1069960
1071900
1072840
1073600
1076210
1076810
1078000
1078570
1080360
1081100
1081450
1081850
1082690
1082860
1084600
1086630
1088150
1089690
1089760
1089780
1090700
1092720
1095080
1097100
1097820
1098170
1098292
1098340
1101800
1102130
1102490
1102980
1103530
1103630
1104150
1104380
1105140
1105530
1106920
1107790
1109490
1109570
1110090
1111150
1111650
1112150
1113560
1113940
1115640
1116010
1116100
1117350
1119610
1119800
1121640
1121680
1121910
1122290
1122830
1122930
1124180
1124370
1125650
1126600
1126630
1126880
1128970
1131140
1131550
1131680
1131720
1132480
1132720
1132730
1133300
1133910
1134180
1136110
1137040
1137070
1137270
1140070
1141120
1142000
1142440
1142830
1143800
1145100
1145300
1145950
1147370
1147690
1148000
1148360
1149570
1150690
1150910
1151310
1152740
1153040
1153210
1153220
1153460
1153800
1155730
1156130
1156480
1156510
1157200
1157390
1157800
1158680
1159560
1159830
1159860
1160050
1160410
1161320
1162140
1164830
1166990
1167270
1171350
1172280
1172930
1173950
1174720
1174920
1175040
1175450
1175460
1176860
1177000
1177490
1178390
1180460
1181330
1181650
1182470
1183480
1184500
1184560
1184820
1184850
1185570
1186050
1186080
1186770
1187250
1188270
1188320
1191450
1192420
1192580
1192810
1193790
1194130
1194800
1195430
1196030
1196680
1197160
1198000
1198370
1199130
1200280
1201090
1201770
1202280
1202990
1203180
1206430
1207360
1207690
1208370
1209860
1209990
1211220
1212620
1213070
1213460
1213470
1213530
1213840
1215060
1216030
1216310
1216600
1217500
1217630
1217830
1218090
1218550
1219340
1219800
1220330
1221280
1222080
1222380
1222550
1223910
1224130
1225200
1226480
1226690
1227680
1228700
1230540
1230880
1231560
1232330
1232460
1233120
1235910
1236620
1238180
1239360
1239780
1240120
1240620
1240830
1240840
1242910
1243880
1243900
1244140
1244520
1244830
1245540
1247470
1248550
1248790
1249420
1249740
1249780
1250810
1251330
1252330
1252400
1252680
1253000
1253410
1255060
1256230
1256330
1257540
1258200
1258830
1259140
1259230
1259330
1259640
1259740
1259760
1260630
1261390
1262920
1262930
1263060
1263520
1263650
1263850
1263860
1264050
1264360
1264650
1265130
1265310
1265780
1265870
1266560
1266690
1267910
1267930
1270130
1270230
1270500
1270970
1270980
1271690
1271810
1272730
1274590
1275190
1275810
1275850
1276320
1276730
1276790
1277340
1277930
1279260
1279920
1280060
1280440
1280730
1281560
1282080
1282630
1282720
1283100
1283190
1283350
1283770
1284360
1284630
1285040
1285180
1286190
1286330
1286690
1287370
1288790
1289180
1289280
1289770
1289890
1290710
1290760
1290880
1290980
1291220
1291690
1292660
1292770
1293190
1294150
1294350
1294410
1294940
1295420
1295670
1297560
1297570
1298510
1298950
1298960
1299330
1299370
1299650
1299720
1299730
1299860
1300590
1300600
1301220
1301430
1301580
1301700
1302220
1302310
1303510
1303590
1305120
1305450
1306720
1307220
1307250
1307380
1307560
1307670
1307860
1307880
1308660
1308840
1309820
1310700
1311320
1311330
1312160
1312740
1313860
1314110
1314170
1315390
1315840
1315910
1315920
1316310
1318060
1318980
1319060
1320000
1320110
1321450
1322370
1323800
1324540
1325200
1326650
1328190
1328660
1328920
1329240
1330360
1330400
1330830
1331390
1331420
1331910
1332190
1332360
1332490
1332570
1334080
1334630
1334910
1334980
1335360
1335410
1335560
1335700
1335790
1336150
1336250
1336410
1336620
1337100
1337200
1337300
1337430
1337610
1338100
1338410
1338820
1338880
1339110
1339260
1339620
1340020
1340130
1340500
1341280
1341330
1341430
1341450
1341460
1341760
1342070
1342280
1342540
1342690
1342900
1343140
1343400
1343670
1343800
1344340
1344550
1345030
1345380
1345750
1345810
1345820
1346250
1346260
1346700
1346740
1347030
1347070
1347940
1348390
1348700
1349140
1349320
1349710
1349820
1349910
1350050
1350120
1351870
1351980
1352230
1352450
1352540
1352830
1353040
1353270
1354460
1354530
1355020
1355230
1355580
1355650
1356240
1356670
1356760
1357120
1357430
1357700
1359020
1360600
1360820
1360850
1361120
1361460
1361530
1361720
1361950
1362000
1362010
1362440
1362890
1362940
1363730
1363810
1364380
1364450
1364490
1364510
1364610
1365410
1365450
1365720
1366070
1366100
1366110
1366130
1366180
1366200
1366760
1366770
1367090
1367220
1367460
1367520
1367530
1367680
1367760
1367860
1368160
1368400
1368430
1368440
1368450
1368460
1368470
1368870
1368960
1369960
1370130
1370170
1370220
1371200
1371380
1371500
1371640
1371760
1372300
1372350
1372370
1372390
1373290
1373350
1373400
1373510
1373550
1373630
1373920
1373930
1373980
1374370
1374400
1374480
1374600
1374850
1374890
1375020
1375420
1375480
1376140
1376320
1376340
1376760
1377280
1377890
1377980
1378020
1378070
1378350
1378570
1378660
1378780
1378890
1379050
1379320
1379370
1379460
1379510
1379830
1380060
1380070
1380280
1380490
1380750
1380900
1380910
1381200
1381440
1381750
1382290
1382380
1382390
1382870
1382910
1382970
1383400
1383760
1383960
1383970
1384030
1384290
1384420
1384530
1384680
1385130
1385180
1385580
1385920
1386360
1386650
1386950
1387060
1387190
1387200
1387460
1387480
1387510
1387590
1387940
1388130
1388700
1388740
1388940
1389040
1389550
1389690
1389870
1389890
1390060
1390650
1390670
1390700
1390920
1391000
1391130
1391340
1391430
1391630
1391730
1392070
1392230
1392340
1392490
1392520
1392600
1392760
1392820
1393350
1393380
1393550
1393560
1393660
1393820
1394100
1394130
1394330
1394440
1394550
1394650
1394660
1394810
1395120
1395250
1395330
1395410
1395600
1395900
1396050
1396150
1396870
1396950
1397130
1397280
1397360
1397410
1397470
1397620
1397630
1397840
1397880
1397940
1397950
1397980
1398070
1398180
1398320
1398400
1398520
1398660
1398780
1398950
1399040
1399090
1399190
1399250
1399270
1399440
1399700
1399780
1399930
1400040
1400520
1400620
1400630
1400700
1400830
1400910
1401070
1401130
1401340
1401530
1401560
1401620
1401890
1401970
1402320
1402350
1402420
1402600
1402960
1403030
1403040
1403130
1403190
1403230
1403280
1403450
1403460
1403550
1403570
1403720
1403740
1403750
1403850
1403960
1403990
1404050
1404080
1404090
1404160
1404490
1404500
1404560
1404750
1404770
1404790
1404850
1404930
1404970
1405090
1405270
1405480
1405500
1405660
1405740
1405790
1406000
1406150
1406160
1406630
1406850
1406930
1407050
1407080
1407150
1407180
1407190
1407210
1407430
1407520
1407620
1407760
1407800
1407850
1408050
1408230
1408300
1408350
1408370
1408380
1408400
1408480
1408490
1408530
1408550
1408680
1408720
1409020
1409260
1409270
1409340
1409430
1409470
1409550
1409570
1409760
1410050
1410160
1410200
1410300
1410560
1410640
1410700
1410980
1411160
1411180
1411360
1411490
1411550
1411670
1411770
1411810
1411920
1412180
1412190
1412310
1412380
1412470
1412580
1412620
1412850
1412900
1413020
1413290
1413490
1413540
1413570
1413600
1413610
1413660
1413680
1413790
1413960
1413980
1414060
1414240
1414280
1414320
1414380
1414430
1414500
1414530
1414570
1414610
1414770
1414800
1414930
1415010
1415030
1415120
1415140
1415270
1415410
1415480
1415520
1415550
1415590
1416080
1416130
1416240
1416260
1416290
1416340
1416480
1416710
1416770
1416930
1416980
1417090
1417170
1417180
1417200
1417280
1417340
1417360
1417400
1417540
1417640
1417680
1417740
1417770
1417880
1417930
1417940
1418010
1418020
1418190
1418380
1418420
1418430
1418520
1418610
1418630
1418670
1418680
1418820
1419070
1419090
1419140
1419150
1419190
1419200
1419290
1419330
1419360
1419380
1419480
1419670
1419750
1419760
1419860
1419870
1419880
1420180
1420350
1420630
1420720
1420730
1420740
1420770
1420850
1421100
1421130
1421140
1421160
1421200
1421230
1421240
1421410
1421610
1421690
1421700
1421760
1421770
1421960
1421970
1422090
1422130
1422150
1422240
1422280
1422380
1422580
1422600
1422620
1422730
1422810
1422910
1422930
1423030
1423060
1423140
1423150
1423180
1423260
1423330
1423400
1423410
1423620
1423720
1423790
1423830
1424010
1424020
1424050
1424070
1424080
1424250
1424270
1424290
1424300
1424330
1424350
1424360
1424400
1424420
1424520
1424570
1424600
1424610
1424700
1424710
1424720
1424850
1424890
1425010
1425050
1425090
1425110
1425130
1425160
1425180
1425200
1425220
1425240
1425270
1425280
1425330
1425360
1425380
1425550
1425660
1425690
1425760
1425770
1425780
1425790
1425830
1425880
1425920
1426010
1426090
1426110
1426120
1426130
1426160
1426190
1426230
1426280
1426310
1426490
1426500
1426740
1426790
1426800
1426870
1426890
1426900
1426930
1426950
1426990
1427020
1427030
1427040
1427080
1427100
1427150
1427210
1427290
1427320
1427400
1427420
1427480
1427540
1427620
1427640
1427680
1427700
1427710
1427740
1427760
1427770
1427810
1427860
1427880
1427890
1427900
1427910
1427920
1427930
1427940
1427950
1427960
1427970
1427980
1427990
1428030
1428130
1428140
1428160
1428170
1428310
1428320
1428340
1428420
1428440
1428460
1428470
1428480
1428520
1428560
1428580
1428640
1428710
1428790
1428840
1428900
1428920
1428960
1428980
1429100
1429130
1429150
1429160
1429210
1429220
1429260
1429300
1429400
1429440
1429480
1429610
1429620
1429640
1429670
1429710
1429740
1429780
1429870
1429880
1429950
1430010
1430030
1430070
1430100
1430120
1430140
1430160
1430170
1430200
1430240
1430280
1430310
1430320
1430340
1430350
1430420
1430540
1430740
1430750
1430760
1430820
1430980
1431020
1431040
1431100
1431150
1431180
1431190
1431210
1431220
1431230
1431240
1431350
1431370
1431380
1431420
1431450
1431470
1431550
1431570
1431610
1431620
1431630
1431690
1431720
1431730
1431750
1431770
1431780
1431790
1431840
1431910
1431930
1432000
1432060
1432110
1432200
1432270
1432280
1432290
1432310
1432330
1432340
1432350
1432380
1432390
1432400
1432480
1432490
1432500
1432560
1432570
1432590
1432610
1432620
1432630
1432650
1432670
1432680
1432710
1432730
1432740
1432750
1432760
1432850
1432860
1432880
1432930
1432950
1432960
1432980
1433030
1433090
1433100
1433130
1433190
1433200
1433210
1433240
1433310
1433320
1433330
1433340
1433390
1433420
1433430
1433440
1433460
1433470
1433480
1433490
1433520
1433530
1433540
1433550
1433570
1433770
1433830
1433860
1433890
1433900
1433910
1433930
1433940
1433950
1433960
1433970
1433980
1434000
1434010
1434040
1434050
1434140
1434160
1434220
1434230
1434250
1434270
1434300
1434340
1434350
1434470
1434480
1434490
1434500
1434510
1434550
1434620
1434720
1434730
1434770
1434780
1434870
1434880
1434890
1434910
1434970
1435020
1435090
1435160
1435210
1435230
1435250
1435310
1435330
1435410
1435420
1435430
1435440
1435470
1435480
1435540
1435560
1435590
1435610
1435630
1435660
1435680
1435690
1435770
1435840
1435900
1435980
1436000
1436040
1436190
1436220
1436240
1436280
1436390
1436410
1436440
1436450
1436490
1436570
1436590
1436600
1436620
1436650
1436680
1436800
1436810
1436830
1436870
1436900
1436910
1436920
1436930
1436940
1436980
1437010
1437030
1437040
1437050
1437100
1437120
1437160
1437170
1437210
1437220
1437260
1437270
1437290
1437340
1437410
1437420
1437430
1437480
1437490
1437500
1437520
1437550
1437580
1437600
1437650
1437680
1437700
1437710
1437720
1437770
1437790
1437820
1437830
1437840
1437850
1437860
1437870
1437880
1437940
1437980
1438060
1438090
1438100
1438110
1438190
1438260
1438270
1438280
1438430
1438440
1438480
1438670
1438680
1438700
1438710
1438750
1438760
1438820
1438830
1438850
1438870
1438940
1438950
1439010
1439030
1439090
1439100
1439120
1439130
1439160
1439170
1439180
1439190
1439230
1439320
1439340
1439420
1439460
1439550
1439630
1439700
1439710
1439790
1439800
1439840
1439850
1439900
1439920
1439930
1439960
1439970
1440020
1440030
1440050
1440080
1440090
1440110
1440130
1440280
1440290
1440330
1440350
1440370
1440400
1440440
1440470
1440530
1440580
1440670
1440680
1440720
1440730
1440750
1440780
1440790
1440810
1440840
1440850
1440870
1440880
1440890
1441010
1441090
1441100
1441120
1441130
1441160
1441180
1441210
1441270
1441280
1441290
1441300
1441340
1441400
1441430
1441500
1441530
1441560
1441570
1441590
1441680
1441690
1441750
1441790
1441830
1441850
1441900
1442070
1442150
1442160
1442190
1442240
1442300
1442350
1442380
1442390
1442430
1442450
1442460
1442480
1442520
1442530
1442590
1442630
1442650
1442770
1442820
1442850
1443030
1443120
1443160
1443170
1443190
1443250
1443260
1443280
1443300
1443330
1443360
1443370
1443390
1443400
1443430
1443450
1443470
1443490
1443550
1443620
1443630
1443640
1443650
1443680
1443700
1443760
1443810
1443820
1443900
1443910
1443920
1443950
1443980
1443990
1444020
1444090
1444110
1444150
1444170
1444300
1444320
1444350
1444360
1444370
1444430
1444480
1444490
1444540
1444570
1444580
1444610
1444650
1444670
1444700
1444730
1444740
1444750
1444760
1444800
1444820
1444860
1444870
1444890
1444950
1445010
1445050
1445070
1445090
1445110
1445120
1445150
1445190
1445210
1445250
1445260
1445360
1445370
1445400
1445410
1445430
1445480
1445490
1445500
1445540
1445580
1445600
1445630
1445670
1445720
1445750
1445810
1445860
1445870
1445890
1446000
1446090
1446100
1446130
1446180
1446200
1446230
1446280
1446310
1446320
1446330
1446350
1446370
1446410
1446420
1446450
1446470
1446480
1446510
1446540
1446640
1446690
1446700
1446830
1446840
1446850
1446860
1446880
1446930
1446960
1446970
1446980
1447020
1447050
1447060
1447070
1447080
1447090
1447160
1447210
1447240
1447260
1447310
1447400
1447410
1447470
1447490
1447540
1447570
1447580
1447710
1447730
1447740
1447800
1447830
1447870
1447900
1447920
1447970
1448030
1448040
1448070
1448090
1448110
1448120
1448140
1448180
1448200
1448220
1448250
1448290
1448300
1448330
1448400
1448450
1448460
1448530
1448590
1448650
1448670
1448750
1448790
1448800
1448850
1448940
1448950
1449060
1449070
1449100
1449140
1449210
1449250
1449280
1449290
1449300
1449370
1449380
1449400
1449420
1449430
1449470
1449480
1449510
1449540
1449550
1449580
1449640
1449650
1449690
1449720
1449750
1449760
1449780
1449820
1449840
1449940
1449960
1449970
1449980
1450000
1450020
1450050
1450060
1450070
1450080
1450090
1450100
1450120
1450150
1450160
1450180
1450190
1450200
1450240
1450280
1450290
1450310
1450330
1450410
1450530
1450610
1450620
1450650
1450660
1450680
1450720
1450730
1450750
1450760
1450780
1450830
1451040
1451110
1451190
1451200
1451230
1451300
1451310
1451350
1451360
1451370
1451410
1451440
1451470
1451490
1451500
1451560
1451580
1451650
1451720
1451740
1451760
1451770
1451800
1451860
1451870
1451880
1451890
1451940
1451980
1451990
1452000
1452010
1452080
1452110
1452130
1452180
1452210
1452220
1452250
1452260
1452270
1452300
1452310
1452350
1452360
1452480
1452630
1452670
1452700
1452770
1452790
1452830
1452850
1452860
1452910
1452950
1452990
1453000
1453030
1453080
1453140
1453200
1453220
1453230
1453250
1453270
1453280
1453350
1453400
1453430
1453440
1453450
1453460
1453480
1453600
1453670
1453730
1453740
1453840
1453870
1453920
1453940
1453960
1453990
1454010
1454030
1454110
1454140
1454190
1454200
1454240
1454270
1454320
1454340
1454360
1454380
1454410
1454430
1454520
1454550
1454570
1454600
1454640
1454650
1454660
1454670
1454680
1454690
1454700
1454720
1454800
1454890
1454930
1454950
1455000
1455020
1455040
1455060
1455090
1455100
1455120
1455130
1455140
1455220
1455230
1455270
1455290
1455380
1455400
1455410
1455420
1455430
1455450
1455460
1455490
1455530
1455560
1455590
1455610
1455630
1455720
1455730
1455750
1455760
1455890
1455920
1455930
1456020
1456060
1456200
1456250
1456280
1456340
1456380
1456410
1456430
1456440
1456630
1456640
1456710
1456720
1456770
1456810
1456870
1456900
1456920
1457020
1457070
1457100
1457130
1457150
1457160
1457180
1457230
1457330
1457360
1457370
1457500
1457510
1457520
1457540
1457550
1457600
1457690
1457710
1457740
1457810
1457820
1457840
1457870
1457920
1457930
1457940
1457950
1457980
1457990
1458000
1458020
1458090
1458100
1458210
1458250
1458270
1458300
1458330
1458350
1458390
1458480
1458530
1458540
1458550
1458560
1458590
1458600
1458650
1458810
1458970
1459010
1459070
1459160
1459170
1459210
1459250
1459260
1459300
1459360
1459410
1459500
1459510
1459540
1459560
1459580
1459640
1459650
1459660
1459690
1459710
1459720
1459740
1459810
1459840
1459850
1459870
1459910
1459930
1459990
1460040
1460050
1460090
1460100
1460120
1460220
1460230
1460250
1460290
1460440
1460480
1460490
1460510
1460530
1460610
1460670
1460710
1460750
1460790
1460820
1460910
1460930
1460950
1460970
1461000
1461020
1461040
1461060
1461190
1461200
1461220
1461240
1461360
1461370
1461400
1461410
1461420
1461430
1461480
1461490
1461500
1461540
1461730
1461740
1461800
1461900
1461920
1461960
1461990
1462000
1462020
1462030
1462060
1462100
1462120
1462160
1462170
1462180
1462200
1462210
1462220
1462340
1462420
1462440
1462470
1462540
1462560
1462580
1462620
1462640
1462650
1462700
1462720
1462740
1462760
1462790
1462850
1462860
1462870
1462880
1462900
1462910
1462940
1462960
1462970
1462990
1463030
1463040
1463050
1463080
1463120
1463170
1463180
1463210
1463360
1463380
1463450
1463470
1463500
1463510
1463780
1463820
1463830
1463870
1463880
1463920
1463930
1463980
1464000
1464050
1464100
1464190
1464200
1464320
1464330
1464350
1464390
1464400
1464420
1464480
1464500
1464520
1464550
1464610
1464650
1464670
1464700
1464730
1464840
1464850
1464910
1464930
1465010
1465020
1465030
1465040
1465060
1465110
1465120
1465160
1465170
1465200
1465210
1465240
1465260
1465300
1465350
1465380
1465390
1465410
1465440
1465450
1465480
1465490
1465500
1465560
1465580
1465590
1465620
1465830
1465860
1465900
1466010
1466060
1466090
1466110
1466140
1466190
1466240
1466290
1466310
1466400
1466490
1466550
1466620
1466650
1466660
1466700
1466830
1466840
1467020
1467060
1467080
1467130
1467140
1467190
1467200
1467230
1467240
1467260
1467320
1467360
1467380
1467390
1467580
1467590
1467600
1467620
1467740
1467850
1467870
1467920
1467990
1468000
1468040
1468180
1468240
1468260
1468280
1468340
1468400
1468470
1468750
1468800
1468810
1468820
1468950
1469000
1469230
1469280
1469300
1469310
1469330
1469350
1469360
1469370
1469460
1469490
1469660
1469860
1469960
1470030
1470060
1470220
1470270
1470280
1470300
1470320
1470350
1470360
1470380
1470430
1470480
1470540
1470550
1470650
1470660
1470720
1470730
1470750
1470800
1470870
1470900
1470910
1470930
1470940
1470970
1471000
1471120
1471170
1471270
1471320
1471450
1471490
1471530
1471610
1471630
1471680
1471730
1471830
1471850
1471900
1471910
1471940
1472010
1472040
1472060
1472320
1472550
1472620
1472660
1472730
1472740
1472810
1472820
1472950
1472960
1473000
1473050
1473100
1473170
1473380
1473420
1473490
1473500
1473580
1473660
1473740
1473750
1473840
1473920
1474010
1474060
1474120
1474130
1474220
1474430
1474500
1474580
1474780
1474860
1474900
1474940
1474950
1475120
1475250
1475310
1475350
1475370
1475420
1475430
1475440
1475450
1475460
1475600
1475740
1475770
1475780
1475840
1475860
1475900
1475940
1475970
1476160
1476220
1476350
1476410
1476420
1476430
1476450
1476690
1476750
1476790
1476830
1476870
1476880
1476920
1477050
1477060
1477120
1477440
1477550
1477570
1477630
1477650
1477660
1477770
1477810
1477850
1477870
1477900
1478080
1478140
1478210
1478260
1478350
1478370
1478410
1478470
1478600
1478650
1478710
1479000
1479020
1479120
1479170
1479210
1479300
1479460
1479470
1479610
1479840
1479940
1479990
1480020
1480040
1480050
1480110
1480120
1480210
1480480
1480540
1480730
1480970
1480990
1481000
1481020
1481150
1481360
1481480
1481580
1481670
1481860
1482450
1482610
1482920
