6800
6810
65790
255870
298240
332330
344040
443020
461850
464350
486880
521620
548090
548890
548900
563250
576380
594550
601530
634180
669950
670130
678090
678920
679780
730390
732730
773850
779640
785940
812930
842180
844380
886450
909660
947490
959080
963870
970600
980700
1002980
1058690
1064490
1073600
1074190
1079320
1105410
1111650
1133340
1133830
1134440
1137320
1153460
1159540
1175470
1179580
1180460
1196680
1198000
1203990
1208050
1209860
1210360
1213470
1214760
1217370
1222860
1225060
1225200
1231750
1231770
1231790
1231800
1231810
1231820
1233210
1239740
1239780
1241670
1243890
1245230
1251780
1254670
1265870
1273010
1277440
1289020
1290620
1293780
1301430
1304660
1308650
1322550
1325900
1332210
1350050
1363490
1364510
1366320
1382970
1390480
1394690
1409430
1424770
1426800
1429740
1431610
1433100
1448250
1451650
1453600
1454680
1455590
1477630
